image_width: 1280
image_height: 720
camera_name: camera
camera_matrix:
  rows: 3
  cols: 3
  data:
    [359.23290304, 0., 629.64159832, 0., 359.26041139, 321.40026019, 0., 0., 1.]
distortion_model: fisheye
distortion_coefficients:
  rows: 1
  cols: 4
  data: [-4.20510300e-02, -3.43845925e-03, -7.62396222e-04, -9.83326585e-06]
rectification_matrix:
  rows: 3
  cols: 3
  data: [1., 0., 0., 0., 1., 0., 0., 0., 1.]
projection_matrix:
  rows: 3
  cols: 4
  data:
    [359.23290304, 0., 629.64159832, 0., 0., 0., 359.26041139, 321.40026019, 0., 0., 1., 0.]
