image_width: 1920
image_height: 1080
camera_name: camera
camera_matrix:
  rows: 3
  cols: 3
  data: [553.7564405, 0., 952.68355522, 0., 553.91867457, 495.19384415, 0., 0., 1.]
distortion_model: fisheye
distortion_coefficients:
  rows: 1
  cols: 4
  data: [-0.04027236, -0.00342575, -0.00311329, 0.00038835]
rectification_matrix:
  rows: 3
  cols: 3
  data: [1., 0., 0., 0., 1., 0., 0., 0., 1.]
projection_matrix:
  rows: 3
  cols: 4
  data: [553.7564405, 0., 952.68355522, 0., 0., 553.91867457, 495.19384415, 0., 0., 0., 1., 0.]
