image_width: 1920
image_height: 1080
camera_name: camera
camera_matrix:
  rows: 3
  cols: 3
  data:
    [553.7564405, 0., 952.6835552, 0., 553.9186746, 495.1938442, 0., 0., 1.]
distortion_model: fisheye
distortion_coefficients:
  rows: 1
  cols: 4
  data: [-0.00342575, -0.00342575, -0.00311329, 0.00038835] #k1, k2, p1, p2
rectification_matrix:
  rows: 3
  cols: 3
  data: [1., 0., 0., 0., 1., 0., 0., 0., 1.]
projection_matrix:
  rows: 3
  cols: 4
  data:
    [553.7564405, 0., 952.6835552, 0., 0., 553.9186746, 495.1938442, 0., 0., 0., 1., 0.]
