image_width: 1920
image_height: 1080
camera_name: camera
camera_matrix:
  rows: 3
  cols: 3
  data:
    [535.40740544, 0., 944.90571238, 0., 536.25014079, 487.50675226, 0., 0., 1.]
distortion_model: fisheye
distortion_coefficients:
  rows: 1
  cols: 4
  data: [-0.00342575, -0.00342575, -0.00311329, 0.00038835]
rectification_matrix:
  rows: 3
  cols: 3
  data: [1., 0., 0., 0., 1., 0., 0., 0., 1.]
projection_matrix:
  rows: 3
  cols: 4
  data:
    [535.40740544, 0., 944.90571238, 0., 0., 536.25014079, 487.50675226, 0., 0., 0., 1., 0.,]
